
10010101
10010101
10010101
11010001
11100001
10010101
11010011
01111000
11111001
10011001
00110101
01110001
00010111
11111001
10011001
01110100
00100001
01000100
00110010
10111000
00110111
10000010
11010010
11110000
01100101
10110011
00111001
00110101
01110111
11110101
00111011
00011101
01100000
10110100
10110111
00111001
00110110
11000101
11001001
11001001
10111011
10110111
11101000
11000110
00100001
11001001
00111001
00111001
00110111
01110100
11110101
10000010
10000111
10110011
00111001
10110111
01110010
10101001
11000011
10110100
00111010
00110110
00110110
11101110
00000110
10110100
00111010
00110101
00110101
01101001
01000101
10110111
10110101
00110011
10111000
00110110
10110111
10110111
11110110
10001000
00111010
00110111
00111100
00111011
11110110
00001001
11111010
10110100
10110101
00111001
10110111 
01110111
01111011
11110011
00011101
01111011
00111001
01110010
11110011
01110100
00010001
01100000
01100000
01011100
00010001
11011110
11111111

